Covarying group,NT configurations,Coverage,Representative position
28881;28882;28883,GGG;AAC,0.9922888126248277,28881
445;6286;21255;22227;26801;28932;29645,TCGCCCG;CTCTGTT,0.9604278601367127,26801
204;21614;27944,GCC;TTT,0.9013122732003713,27944
913;3267;5388;5986;6954;14676;15279;16176;23063;23271;23604;23709;24506;24914;27972;28048;28111;28280;28281;28282;28977,CCCCTCCTACCCTGCGAGATC;TTATCTTCTAATGCTTGCTAT,0.9330888351289769,23604
18877;27964;28854,CCC;CTC,0.8878168162254916,27964
17615;28095,AA;GA,0.9583321612422291,17615
10319;18424;21304;24334;25907;26735;28472;28869;28975,CACCGCCCG;TGTCTCTTG,0.8500168781119019,28869
10097;23731,GC;AT,0.9964503220906354,10097
1163;7540;16647;18555;22992;23401,ATGCGG;ATGCAG,0.9559375791161495,22992
8782;28144,CT;TC,0.993449182818082,8782
241;3037;14408;23403,TTTG;CCCA,0.9739268333849054,23403
